1 0.5161290322580645
2 0.5483870967741935
3 0.5483870967741935
4 0.5645161290322581
5 0.5645161290322581
6 0.5806451612903226
7 0.5806451612903226
8 0.5806451612903226
9 0.5967741935483871
10 0.6129032258064516
11 0.6129032258064516
12 0.6129032258064516
13 0.6129032258064516
14 0.6129032258064516
15 0.6129032258064516
16 0.6129032258064516
17 0.6129032258064516
18 0.6129032258064516
19 0.6129032258064516
20 0.6129032258064516
21 0.6129032258064516
22 0.5967741935483871
23 0.5967741935483871
24 0.5967741935483871
25 0.5967741935483871
26 0.5967741935483871
27 0.5967741935483871
28 0.5967741935483871
29 0.5967741935483871
30 0.5967741935483871
31 0.5967741935483871
32 0.6129032258064516
33 0.6129032258064516
34 0.6290322580645161
35 0.6290322580645161
36 0.6290322580645161
37 0.6129032258064516
38 0.6129032258064516
39 0.6129032258064516
40 0.6129032258064516
41 0.6129032258064516
42 0.6129032258064516
43 0.6129032258064516
44 0.6129032258064516
45 0.6129032258064516
46 0.6129032258064516
47 0.6129032258064516
48 0.6129032258064516
49 0.6129032258064516
50 0.6129032258064516
